                  月度房价指数 (6_EPI)
      时间	    开盘	    最高	    最低	    收盘	         成交量	
 1991/01/31	   98.75	   98.75	   98.75	   98.75	              0	
 1991/02/28	   96.26	   96.26	   96.26	   96.26	              0	
 1991/03/31	   94.84	   94.84	   94.84	   94.84	              0	
 1991/04/30	   94.46	   94.46	   94.46	   94.46	              0	
 1991/05/31	   94.79	   94.79	   94.79	   94.79	              0	
 1991/06/30	   95.45	   95.45	   95.45	   95.45	              0	
 1991/07/31	   95.75	   95.75	   95.75	   95.75	              0	
 1991/08/31	   95.58	   95.58	   95.58	   95.58	              0	
 1991/09/30	   95.44	   95.44	   95.44	   95.44	              0	
 1991/10/31	   95.84	   95.84	   95.84	   95.84	              0	
 1991/11/30	   96.83	   96.83	   96.83	   96.83	              0	
 1991/12/31	   98.26	   98.26	   98.26	   98.26	              0	
 1992/01/31	  100.11	  100.11	  100.11	  100.11	              0	
 1992/02/29	  101.96	  101.96	  101.96	  101.96	              0	
 1992/03/31	  102.94	  102.94	  102.94	  102.94	              0	
 1992/04/30	  102.66	  102.66	  102.66	  102.66	              0	
 1992/05/31	  101.45	  101.45	  101.45	  101.45	              0	
 1992/06/30	  100.20	  100.20	  100.20	  100.20	              0	
 1992/07/31	   99.63	   99.63	   99.63	   99.63	              0	
 1992/08/31	   99.83	   99.83	   99.83	   99.83	              0	
 1992/09/30	  100.95	  100.95	  100.95	  100.95	              0	
 1992/10/31	  103.04	  103.04	  103.04	  103.04	              0	
 1992/11/30	  106.07	  106.07	  106.07	  106.07	              0	
 1992/12/31	  109.62	  109.62	  109.62	  109.62	              0	
 1993/01/31	  112.73	  112.73	  112.73	  112.73	              0	
 1993/02/28	  114.67	  114.67	  114.67	  114.67	              0	
 1993/03/31	  115.65	  115.65	  115.65	  115.65	              0	
 1993/04/30	  116.45	  116.45	  116.45	  116.45	              0	
 1993/05/31	  117.51	  117.51	  117.51	  117.51	              0	
 1993/06/30	  118.48	  118.48	  118.48	  118.48	              0	
 1993/07/31	  118.99	  118.99	  118.99	  118.99	              0	
 1993/08/31	  118.86	  118.86	  118.86	  118.86	              0	
 1993/09/30	  117.81	  117.81	  117.81	  117.81	              0	
 1993/10/31	  115.63	  115.63	  115.63	  115.63	              0	
 1993/11/30	  112.27	  112.27	  112.27	  112.27	              0	
 1993/12/31	  108.50	  108.50	  108.50	  108.50	              0	
 1994/01/31	  105.32	  105.32	  105.32	  105.32	              0	
 1994/02/28	  103.32	  103.32	  103.32	  103.32	              0	
 1994/03/31	  102.50	  102.50	  102.50	  102.50	              0	
 1994/04/30	  102.48	  102.48	  102.48	  102.48	              0	
 1994/05/31	  102.80	  102.80	  102.80	  102.80	              0	
 1994/06/30	  103.25	  103.25	  103.25	  103.25	              0	
 1994/07/31	  103.84	  103.84	  103.84	  103.84	              0	
 1994/08/31	  104.42	  104.42	  104.42	  104.42	              0	
 1994/09/30	  104.75	  104.75	  104.75	  104.75	              0	
 1994/10/31	  104.90	  104.90	  104.90	  104.90	              0	
 1994/11/30	  105.03	  105.03	  105.03	  105.03	              0	
 1994/12/31	  105.05	  105.05	  105.05	  105.05	              0	
 1995/01/31	  104.70	  104.70	  104.70	  104.70	              0	
 1995/02/28	  104.07	  104.07	  104.07	  104.07	              0	
 1995/03/31	  103.39	  103.39	  103.39	  103.39	              0	
 1995/04/30	  102.74	  102.74	  102.74	  102.74	              0	
 1995/05/31	  102.28	  102.28	  102.28	  102.28	              0	
 1995/06/30	  102.11	  102.11	  102.11	  102.11	              0	
 1995/07/31	  102.17	  102.17	  102.17	  102.17	              0	
 1995/08/31	  102.34	  102.34	  102.34	  102.34	              0	
 1995/09/30	  102.47	  102.47	  102.47	  102.47	              0	
 1995/10/31	  102.63	  102.63	  102.63	  102.63	              0	
 1995/11/30	  103.04	  103.04	  103.04	  103.04	              0	
 1995/12/31	  104.26	  104.26	  104.26	  104.26	              0	
 1996/01/31	  106.46	  106.46	  106.46	  106.46	              0	
 1996/02/29	  108.95	  108.95	  108.95	  108.95	              0	
 1996/03/31	  110.89	  110.89	  110.89	  110.89	              0	
 1996/04/30	  111.74	  111.74	  111.74	  111.74	              0	
 1996/05/31	  111.31	  111.31	  111.31	  111.31	              0	
 1996/06/30	  109.83	  109.83	  109.83	  109.83	              0	
 1996/07/31	  107.86	  107.86	  107.86	  107.86	              0	
 1996/08/31	  106.17	  106.17	  106.17	  106.17	              0	
 1996/09/30	  105.03	  105.03	  105.03	  105.03	              0	
 1996/10/31	  104.21	  104.21	  104.21	  104.21	              0	
 1996/11/30	  103.16	  103.16	  103.16	  103.16	              0	
 1996/12/31	  101.11	  101.11	  101.11	  101.11	              0	
 1997/01/31	   98.00	   98.00	   98.00	   98.00	              0	
 1997/02/28	   94.60	   94.60	   94.60	   94.60	              0	
 1997/03/31	   91.72	   91.72	   91.72	   91.72	              0	
 1997/04/30	   89.83	   89.83	   89.83	   89.83	              0	
 1997/05/31	   88.92	   88.92	   88.92	   88.92	              0	
 1997/06/30	   88.79	   88.79	   88.79	   88.79	              0	
 1997/07/31	   89.05	   89.05	   89.05	   89.05	              0	
 1997/08/31	   89.42	   89.42	   89.42	   89.42	              0	
 1997/09/30	   89.83	   89.83	   89.83	   89.83	              0	
 1997/10/31	   90.38	   90.38	   90.38	   90.38	              0	
 1997/11/30	   91.09	   91.09	   91.09	   91.09	              0	
 1997/12/31	   92.01	   92.01	   92.01	   92.01	              0	
 1998/01/31	   93.16	   93.16	   93.16	   93.16	              0	
 1998/02/28	   94.47	   94.47	   94.47	   94.47	              0	
 1998/03/31	   95.80	   95.80	   95.80	   95.80	              0	
 1998/04/30	   96.98	   96.98	   96.98	   96.98	              0	
 1998/05/31	   97.94	   97.94	   97.94	   97.94	              0	
 1998/06/30	   98.59	   98.59	   98.59	   98.59	              0	
 1998/07/31	   98.90	   98.90	   98.90	   98.90	              0	
 1998/08/31	   98.95	   98.95	   98.95	   98.95	              0	
 1998/09/30	   98.82	   98.82	   98.82	   98.82	              0	
 1998/10/31	   98.54	   98.54	   98.54	   98.54	              0	
 1998/11/30	   98.35	   98.35	   98.35	   98.35	              0	
 1998/12/31	   98.38	   98.38	   98.38	   98.38	              0	
 1999/01/31	   98.58	   98.58	   98.58	   98.58	              0	
 1999/02/28	   98.78	   98.78	   98.78	   98.78	              0	
 1999/03/31	   98.78	   98.78	   98.78	   98.78	              0	
 1999/04/30	   98.51	   98.51	   98.51	   98.51	              0	
 1999/05/31	   98.17	   98.17	   98.17	   98.17	              0	
 1999/06/30	   97.97	   97.97	   97.97	   97.97	              0	
 1999/07/31	   98.01	   98.01	   98.01	   98.01	              0	
 1999/08/31	   98.23	   98.23	   98.23	   98.23	              0	
 1999/09/30	   98.52	   98.52	   98.52	   98.52	              0	
 1999/10/31	   98.65	   98.65	   98.65	   98.65	              0	
 1999/11/30	   98.55	   98.55	   98.55	   98.55	              0	
 1999/12/31	   98.37	   98.37	   98.37	   98.37	              0	
 2000/01/31	   98.27	   98.27	   98.27	   98.27	              0	
 2000/02/29	   98.31	   98.31	   98.31	   98.31	              0	
 2000/03/31	   98.58	   98.58	   98.58	   98.58	              0	
 2000/04/30	   98.98	   98.98	   98.98	   98.98	              0	
 2000/05/31	   99.37	   99.37	   99.37	   99.37	              0	
 2000/06/30	   99.76	   99.76	   99.76	   99.76	              0	
 2000/07/31	  100.12	  100.12	  100.12	  100.12	              0	
 2000/08/31	  100.44	  100.44	  100.44	  100.44	              0	
 2000/09/30	  100.74	  100.74	  100.74	  100.74	              0	
 2000/10/31	  101.18	  101.18	  101.18	  101.18	              0	
 2000/11/30	  101.77	  101.77	  101.77	  101.77	              0	
 2000/12/31	  102.48	  102.48	  102.48	  102.48	              0	
 2001/01/31	  103.21	  103.21	  103.21	  103.21	              0	
 2001/02/28	  103.87	  103.87	  103.87	  103.87	              0	
 2001/03/31	  104.38	  104.38	  104.38	  104.38	              0	
 2001/04/30	  104.75	  104.75	  104.75	  104.75	              0	
 2001/05/31	  105.03	  105.03	  105.03	  105.03	              0	
 2001/06/30	  105.18	  105.18	  105.18	  105.18	              0	
 2001/07/31	  105.16	  105.16	  105.16	  105.16	              0	
 2001/08/31	  104.98	  104.98	  104.98	  104.98	              0	
 2001/09/30	  104.69	  104.69	  104.69	  104.69	              0	
 2001/10/31	  104.35	  104.35	  104.35	  104.35	              0	
 2001/11/30	  103.96	  103.96	  103.96	  103.96	              0	
 2001/12/31	  105.27	  105.27	  105.27	  105.27	              0	
 2002/01/31	  103.91	  103.91	  103.91	  103.91	              0	
 2002/02/28	  103.53	  103.53	  103.53	  103.53	              0	
 2002/03/31	  103.87	  103.87	  103.87	  103.87	              0	
 2002/04/30	  104.60	  104.60	  104.60	  104.60	              0	
 2002/05/31	  104.37	  104.37	  104.37	  104.37	              0	
 2002/06/30	  104.65	  104.65	  104.65	  104.65	              0	
 2002/07/31	  104.29	  104.29	  104.29	  104.29	              0	
 2002/08/31	  104.46	  104.46	  104.46	  104.46	              0	
 2002/09/30	  104.97	  104.97	  104.97	  104.97	              0	
 2002/10/31	  105.15	  105.15	  105.15	  105.15	              0	
 2002/11/30	  104.90	  104.90	  104.90	  104.90	              0	
 2002/12/31	  104.18	  104.18	  104.18	  104.18	              0	
 2003/01/31	  108.89	  108.89	  108.89	  108.89	              0	
 2003/02/28	  109.14	  109.14	  109.14	  109.14	              0	
 2003/03/31	  107.34	  107.34	  107.34	  107.34	              0	
 2003/04/30	  106.89	  106.89	  106.89	  106.89	              0	
 2003/05/31	  106.28	  106.28	  106.28	  106.28	              0	
 2003/06/30	  107.04	  107.04	  107.04	  107.04	              0	
 2003/07/31	  107.27	  107.27	  107.27	  107.27	              0	
 2003/08/31	  106.89	  106.89	  106.89	  106.89	              0	
 2003/09/30	  106.65	  106.65	  106.65	  106.65	              0	
 2003/10/31	  106.67	  106.67	  106.67	  106.67	              0	
 2003/11/30	  106.45	  106.45	  106.45	  106.45	              0	
 2003/12/31	  106.19	  106.19	  106.19	  106.19	              0	
 2004/01/31	  107.89	  107.89	  107.89	  107.89	              0	
 2004/02/29	  107.79	  107.79	  107.79	  107.79	              0	
 2004/03/31	  106.20	  106.20	  106.20	  106.20	              0	
 2004/04/30	  105.77	  105.77	  105.77	  105.77	              0	
 2004/05/31	  105.92	  105.92	  105.92	  105.92	              0	
 2004/06/30	  105.18	  105.18	  105.18	  105.18	              0	
 2004/07/31	  105.25	  105.25	  105.25	  105.25	              0	
 2004/08/31	  105.16	  105.16	  105.16	  105.16	              0	
 2004/09/30	  104.83	  104.83	  104.83	  104.83	              0	
 2004/10/31	  104.87	  104.87	  104.87	  104.87	              0	
 2004/11/30	  105.09	  105.09	  105.09	  105.09	              0	
 2004/12/31	  105.32	  105.32	  105.32	  105.32	              0	
 2005/01/31	  103.44	  103.44	  103.44	  103.44	              0	
 2005/02/28	  102.80	  102.80	  102.80	  102.80	              0	
 2005/03/31	  102.19	  102.19	  102.19	  102.19	              0	
 2005/04/30	  101.90	  101.90	  101.90	  101.90	              0	
 2005/05/31	  101.83	  101.83	  101.83	  101.83	              0	
 2005/06/30	  101.65	  101.65	  101.65	  101.65	              0	
 2005/07/31	  101.86	  101.86	  101.86	  101.86	              0	
 2005/08/31	  101.86	  101.86	  101.86	  101.86	              0	
 2005/09/30	  101.57	  101.57	  101.57	  101.57	              0	
 2005/10/31	  101.10	  101.10	  101.10	  101.10	              0	
 2005/11/30	  101.08	  101.08	  101.08	  101.08	              0	
 2005/12/31	  100.92	  100.92	  100.92	  100.92	              0	
 2006/01/31	  100.76	  100.76	  100.76	  100.76	              0	
 2006/02/28	  101.05	  101.05	  101.05	  101.05	              0	
 2006/03/31	  101.46	  101.46	  101.46	  101.46	              0	
 2006/04/30	  101.61	  101.61	  101.61	  101.61	              0	
 2006/05/31	  101.87	  101.87	  101.87	  101.87	              0	
 2006/06/30	  102.93	  102.93	  102.93	  102.93	              0	
 2006/07/31	  103.51	  103.51	  103.51	  103.51	              0	
 2006/08/31	  103.31	  103.31	  103.31	  103.31	              0	
 2006/09/30	  103.14	  103.14	  103.14	  103.14	              0	
 2006/10/31	  103.40	  103.40	  103.40	  103.40	              0	
 2006/11/30	  103.92	  103.92	  103.92	  103.92	              0	
 2006/12/31	  103.33	  103.33	  103.33	  103.33	              0	
 2007/01/31	  102.42	  102.42	  102.42	  102.42	              0	
 2007/02/28	  101.78	  101.78	  101.78	  101.78	              0	
 2007/03/31	  101.22	  101.22	  101.22	  101.22	              0	
 2007/04/30	  102.60	  102.60	  102.60	  102.60	              0	
 2007/05/31	  103.32	  103.32	  103.32	  103.32	              0	
 2007/06/30	  103.63	  103.63	  103.63	  103.63	              0	
 2007/07/31	  104.00	  104.00	  104.00	  104.00	              0	
 2007/08/31	  104.48	  104.48	  104.48	  104.48	              0	
 2007/09/30	  104.99	  104.99	  104.99	  104.99	              0	
 2007/10/31	  105.74	  105.74	  105.74	  105.74	              0	
 2007/11/30	  106.59	  106.59	  106.59	  106.59	              0	
 2007/12/31	  106.45	  106.45	  106.45	  106.45	              0	
 2008/01/31	  106.11	  106.11	  106.11	  106.11	              0	
 2008/02/29	  105.55	  105.55	  105.55	  105.55	              0	
 2008/03/31	  104.72	  104.72	  104.72	  104.72	              0	
 2008/04/30	  104.07	  104.07	  104.07	  104.07	              0	
 2008/05/31	  103.34	  103.34	  103.34	  103.34	              0	
 2008/06/30	  103.08	  103.08	  103.08	  103.08	              0	
 2008/07/31	  102.36	  102.36	  102.36	  102.36	              0	
 2008/08/31	  101.78	  101.78	  101.78	  101.78	              0	
 2008/09/30	  101.15	  101.15	  101.15	  101.15	              0	
 2008/10/31	   99.68	   99.68	   99.68	   99.68	              0	
 2008/11/30	   98.46	   98.46	   98.46	   98.46	              0	
 2008/12/31	   96.46	   96.46	   96.46	   96.46	              0	
 2009/02/28	   94.86	   94.86	   94.86	   94.86	              0	
 2009/03/31	   94.74	   94.74	   94.74	   94.74	              0	
 2009/04/30	   94.76	   94.76	   94.76	   94.76	              0	
 2009/05/31	   95.94	   95.94	   95.94	   95.94	              0	
 2009/06/30	   96.55	   96.55	   96.55	   96.55	              0	
 2009/07/31	   98.01	   98.01	   98.01	   98.01	              0	
 2009/08/31	  100.08	  100.08	  100.08	  100.08	              0	
 2009/09/30	  101.08	  101.08	  101.08	  101.08	              0	
 2009/10/31	  102.03	  102.03	  102.03	  102.03	              0	
 2009/11/30	  102.78	  102.78	  102.78	  102.78	              0	
 2009/12/31	  103.66	  103.66	  103.66	  103.66	              0	
 2010/01/31	  100.00	  100.00	  100.00	  100.00	              0	
 2010/02/28	  105.47	  105.47	  105.47	  105.47	              0	
 2010/03/31	  105.89	  105.89	  105.89	  105.89	              0	
 2010/04/30	  105.66	  105.66	  105.66	  105.66	              0	
 2010/05/31	  105.07	  105.07	  105.07	  105.07	              0	
 2010/06/30	  105.06	  105.06	  105.06	  105.06	              0	
 2010/07/31	  104.72	  104.72	  104.72	  104.72	              0	
 2010/08/31	  104.11	  104.11	  104.11	  104.11	              0	
 2010/09/30	  103.52	  103.52	  103.52	  103.52	              0	
 2010/10/31	  103.57	  103.57	  103.57	  103.57	              0	
 2010/11/30	  103.20	  103.20	  103.20	  103.20	              0	
 2010/12/31	  101.79	  101.79	  101.79	  101.79	              0	
 2011/02/28	  102.90	  102.90	  102.90	  102.90	              0	
 2011/03/31	  102.98	  102.98	  102.98	  102.98	              0	
 2011/04/30	  103.19	  103.19	  103.19	  103.19	              0	
 2011/05/31	  103.20	  103.20	  103.20	  103.20	              0	
 2011/06/30	  101.75	  101.75	  101.75	  101.75	              0	
 2011/07/31	  101.50	  101.50	  101.50	  101.50	              0	
 2011/08/31	  101.12	  101.12	  101.12	  101.12	              0	
 2011/09/30	  100.41	  100.41	  100.41	  100.41	              0	
 2011/10/31	  100.27	  100.27	  100.27	  100.27	              0	
 2011/11/30	   99.87	   99.87	   99.87	   99.87	              0	
 2011/12/31	   98.89	   98.89	   98.89	   98.89	              0	
 2012/02/29	   97.89	   97.89	   97.89	   97.89	              0	
 2012/03/31	   96.92	   96.92	   96.92	   96.92	              0	
 2012/04/30	   95.62	   95.62	   95.62	   95.62	              0	
 2012/05/31	   94.90	   94.90	   94.90	   94.90	              0	
 2012/06/30	   94.71	   94.71	   94.71	   94.71	              0	
 2012/07/31	   94.57	   94.57	   94.57	   94.57	              0	
 2012/08/31	   94.64	   94.64	   94.64	   94.64	              0	
 2012/09/30	   94.39	   94.39	   94.39	   94.39	              0	
 2012/10/31	   94.56	   94.56	   94.56	   94.56	              0	
 2012/11/30	   95.71	   95.71	   95.71	   95.71	              0	
 2012/12/31	   95.59	   95.59	   95.59	   95.59	              0	
 2013/02/28	   97.92	   97.92	   97.92	   97.92	              0	
 2013/03/31	   97.56	   97.56	   97.56	   97.56	              0	
 2013/04/30	   97.35	   97.35	   97.35	   97.35	              0	
 2013/05/31	   97.26	   97.26	   97.26	   97.26	              0	
 2013/06/30	   97.29	   97.29	   97.29	   97.29	              0	
 2013/07/31	   97.39	   97.39	   97.39	   97.39	              0	
 2013/08/31	   97.29	   97.29	   97.29	   97.29	              0	
 2013/09/30	   97.25	   97.25	   97.25	   97.25	              0	
 2013/10/31	   96.88	   96.88	   96.88	   96.88	              0	
 2013/11/30	   96.38	   96.38	   96.38	   96.38	              0	
 2013/12/31	   97.21	   97.21	   97.21	   97.21	              0	
 2014/02/28	   96.91	   96.91	   96.91	   96.91	              0	
 2014/03/31	   96.40	   96.40	   96.40	   96.40	              0	
 2014/04/30	   95.79	   95.79	   95.79	   95.79	              0	
 2014/05/31	   95.02	   95.02	   95.02	   95.02	              0	
 2014/06/30	   94.84	   94.84	   94.84	   94.84	              0	
 2014/07/31	   94.82	   94.82	   94.82	   94.82	              0	
 2014/08/31	   94.79	   94.79	   94.79	   94.79	              0	
 2014/09/30	   94.72	   94.72	   94.72	   94.72	              0	
 2014/10/31	   94.76	   94.76	   94.76	   94.76	              0	
 2014/11/30	   94.30	   94.30	   94.30	   94.30	              0	
 2014/12/31	   93.93	   93.93	   93.93	   93.93	              0	
 2015/02/28	   93.77	   93.77	   93.77	   93.77	              0	
 2015/03/31	   93.11	   93.11	   93.11	   93.11	              0	
 2015/04/30	   92.56	   92.56	   92.56	   92.56	              0	
 2015/05/31	   92.43	   92.43	   92.43	   92.43	              0	
 2015/06/30	   92.63	   92.63	   92.63	   92.63	              0	
 2015/07/31	   93.03	   93.03	   93.03	   93.03	              0	
 2015/08/31	   93.46	   93.46	   93.46	   93.46	              0	
 2015/09/30	   93.40	   93.40	   93.40	   93.40	              0	
 2015/10/31	   93.34	   93.34	   93.34	   93.34	              0	
 2015/11/30	   93.35	   93.35	   93.35	   93.35	              0	
 2015/12/31	   93.34	   93.34	   93.34	   93.34	              0	
 2016/02/29	   99.18	   99.18	   99.18	   99.18	              0	
 2016/03/31	  100.29	  100.29	  100.29	  100.29	              0	
 2016/04/30	  100.58	  100.58	  100.58	  100.58	              0	
 2016/05/31	  100.57	  100.57	  100.57	  100.57	              0	
 2016/06/30	  100.93	  100.93	  100.93	  100.93	              0	
 2016/07/31	  100.36	  100.36	  100.36	  100.36	              0	
 2016/08/31	  100.40	  100.40	  100.40	  100.40	              0	
 2016/09/30	  100.54	  100.54	  100.54	  100.54	              0	
 2016/10/31	  100.75	  100.75	  100.75	  100.75	              0	
 2016/11/30	  100.88	  100.88	  100.88	  100.88	              0	
 2016/12/31	  101.02	  101.02	  101.02	  101.02	              0	
 2017/01/31	  100.76	  100.76	  100.76	  100.76	              0	
 2017/02/28	  100.78	  100.78	  100.78	  100.78	              0	
 2017/03/31	  101.12	  101.12	  101.12	  101.12	              0	
 2017/04/30	  101.21	  101.21	  101.21	  101.21	              0	
 2017/05/31	  101.18	  101.18	  101.18	  101.18	              0	
 2017/06/30	  101.38	  101.38	  101.38	  101.38	              0	
 2017/07/31	  101.45	  101.45	  101.45	  101.45	              0	
 2017/08/31	  101.47	  101.47	  101.47	  101.47	              0	
 2017/09/30	  101.50	  101.50	  101.50	  101.50	              0	
 2017/10/31	  101.54	  101.54	  101.54	  101.54	              0	
 2017/11/30	  101.68	  101.68	  101.68	  101.68	              0	
 2017/12/31	  101.77	  101.77	  101.77	  101.77	              0	
 2018/01/31	  101.69	  101.69	  101.69	  101.69	              0	
 2018/02/28	  101.71	  101.71	  101.71	  101.71	              0	
 2018/03/31	  101.52	  101.52	  101.52	  101.52	              0	
 2018/04/30	  101.39	  101.39	  101.39	  101.39	              0	
 2018/05/31	  101.62	  101.62	  101.62	  101.62	              0	
 2018/06/30	  101.71	  101.71	  101.71	  101.71	              0	
 2018/07/31	  101.92	  101.92	  101.92	  101.92	              0	
 2018/08/31	  102.03	  102.03	  102.03	  102.03	              0	
 2018/09/30	  102.03	  102.03	  102.03	  102.03	              0	
 2018/10/31	  101.99	  101.99	  101.99	  101.99	              0	
 2018/11/30	  101.97	  101.97	  101.97	  101.97	              0	
 2018/12/31	  101.87	  101.87	  101.87	  101.87	              0	
 2019/01/31	  100.58	  100.58	  100.58	  100.58	              0	
 2019/02/28	  100.81	  100.81	  100.81	  100.81	              0	
 2019/03/31	  101.01	  101.01	  101.01	  101.01	              0	
 2019/04/30	  101.14	  101.14	  101.14	  101.14	              0	
 2019/05/31	  101.06	  101.06	  101.06	  101.06	              0	
 2019/06/30	  101.09	  101.09	  101.09	  101.09	              0	
 2019/07/31	  101.09	  101.09	  101.09	  101.09	              0	
 2019/08/31	  101.11	  101.11	  101.11	  101.11	              0	
 2019/09/30	  101.24	  101.24	  101.24	  101.24	              0	
 2019/10/31	  101.29	  101.29	  101.29	  101.29	              0	
 2019/11/30	  101.31	  101.31	  101.31	  101.31	              0	
 2019/12/31	  101.28	  101.28	  101.28	  101.28	              0	
 2020/01/31	  100.32	  100.32	  100.32	  100.32	              0	
 2020/02/29	   97.44	   97.44	   97.44	   97.44	              0	
 2020/03/31	   98.23	   98.23	   98.23	   98.23	              0	
 2020/04/30	   98.88	   98.88	   98.88	   98.88	              0	
 2020/05/31	   99.35	   99.35	   99.35	   99.35	              0	
 2020/06/30	   99.85	   99.85	   99.85	   99.85	              0	
 2020/07/31	  100.09	  100.09	  100.09	  100.09	              0	
 2020/08/31	  100.33	  100.33	  100.33	  100.33	              0	
数据来源:通达信
